--------- 1 3 3 6 5 5 0 2 0
X--O----- 10 10 10 10 10 10 9 10 15
XX-O----O 10 10 16 10 10 10 9 10 10
XXOO-X--O 10 10 10 10 10 10 16 10 10
XXOOXXO-O 10 10 10 10 10 10 10 16 10
O-X------ 10 10 10 10 10 9 10 10 11
O-X-X---O 10 10 10 9 10 10 11 10 10
O-XXX-O-O 10 10 10 10 10 11 10 10 10
O-XXXOOXO 10 11 10 10 10 10 10 10 10
X----O--- 10 10 10 10 10 10 10 10 10
XX---O-O- 10 10 13 10 10 10 9 10 9
-X-O----- 10 10 10 10 10 13 10 10 11
-X-OXO--- 10 10 10 10 10 10 10 13 10
XX-OXO-O- 10 10 10 10 10 10 10 10 13
XX-OXOXOO 10 10 13 10 10 10 10 10 10
X-O------ 10 8 10 10 10 9 12 10 10
X-OOX---- 10 9 10 10 10 9 10 10 12
X-OOXX--O 10 11 10 10 10 10 12 10 10
XOOOXXX-O 10 10 10 10 10 10 10 12 10
----X--O- 10 8 10 8 10 8 10 10 10
X---XO-O- 10 10 10 10 10 10 10 10 11
X-X-XO-OO 10 8 10 10 10 10 10 10 10
-X------O 9 10 9 9 9 10 9 10 10
-X-OX---O 10 10 9 10 10 10 10 11 10
X------O- 10 10 10 9 10 9 13 10 9
X-----OOX 10 10 10 10 13 10 10 10 10
XX--O-OOX 10 10 13 10 10 10 10 10 10
XO------- 10 10 10 10 10 10 10 10 10
XO--X-O-- 10 10 10 9 10 10 10 10 11
O-X-XO--- 10 10 10 10 10 10 10 10 9
-O--X---- 9 10 8 11 10 9 10 9 9
-O-XX--O- 10 10 10 10 10 10 9 10 10
OX--X---O 10 10 10 10 10 10 10 9 10
OX--X-XOO 10 10 10 10 10 9 10 10 10
----X-O-- 9 10 10 10 10 9 10 10 10
O--XX-O-- 10 10 10 10 10 10 10 9 10
-X-----O- 12 10 13 10 10 10 10 10 10
OX--X--O- 10 10 13 10 10 9 10 10 10
OXX-XO-O- 10 10 10 9 10 10 10 10 10
--OX----- 10 10 10 10 10 11 10 10 10
--OX-O--X 11 10 10 10 10 10 10 10 10
OXOX-O--X 10 10 10 10 10 10 11 10 10
OXOXXOO-X 10 10 10 10 10 10 10 11 10
X----O-OX 10 10 10 9 10 10 10 10 10
-O-----X- 10 10 10 9 10 10 10 10 10
-O-O---XX 9 10 10 10 10 10 10 10 10
--XOX--O- 10 10 10 10 10 9 10 10 10
X-------O 10 10 11 10 9 10 10 9 10
X-O--X--O 10 10 10 11 10 10 10 10 10
X-OOXXOXO 10 12 10 10 10 10 10 10 10
-X----OXO 10 10 10 10 9 9 10 10 10
--O---X-- 10 9 10 10 10 8 10 8 11
XOO---X-- 10 10 10 9 10 10 10 10 10
XOOO--X-X 10 10 10 10 10 10 10 9 10
----O-X-- 9 10 10 10 10 10 10 10 10
-X--O-XO- 11 10 10 10 10 10 10 10 9
OX--O-XOX 10 10 10 11 10 10 10 10 10
OX-OOXXOX 10 10 11 10 10 10 10 10 10
--X----O- 9 7 10 10 8 10 9 10 9
-OX-X--O- 9 10 10 9 10 9 10 10 8
OOX-X--OX 10 10 10 10 10 10 9 10 10
--X---O-- 10 10 10 8 7 10 10 10 10
X-X-O-O-- 10 10 10 10 10 9 10 10 9
---O--X-- 10 9 10 10 11 10 10 10 10
-O-O--X-X 10 10 10 10 9 10 10 10 10
---O----X 9 9 10 10 9 8 9 10 10
X--O--O-X 10 9 10 10 10 10 10 10 10
-----O-X- 10 13 8 10 10 10 10 10 9
--O--O-XX 10 9 10 10 10 10 9 10 10
--O-XOOXX 10 10 10 9 10 10 10 10 10
X---O---- 10 10 10 11 10 9 10 8 10
X--OOX--- 10 10 11 10 10 10 10 10 10
X-OOOXX-- 10 12 10 10 10 10 10 10 10
XOOOOXXX- 10 10 10 10 10 10 10 10 12
-OX------ 10 10 10 10 11 8 10 8 9
-OX-X---O 10 10 10 8 10 9 10 10 10
O--X----- 10 10 10 10 10 10 10 10 8
O--X-X--O 10 10 10 10 10 10 10 8 10
---X----O 8 10 10 10 11 10 10 9 10
O--XX---O 10 9 10 10 10 9 10 10 10
O-XXXO--O 10 9 10 10 10 10 10 10 10
-----OX-- 10 10 10 10 9 10 10 10 10
---XOOX-- 10 10 9 10 10 10 10 10 10
--X-O---- 10 11 10 9 10 12 10 8 6
X-X-O---O 10 10 10 10 10 9 8 9 10
---OOXX-- 10 9 10 10 10 10 10 11 11
-O-OOXXX- 9 10 10 10 10 10 10 10 10
---OX---- 10 9 10 10 10 9 10 10 9
XO-OX---- 10 10 9 10 10 10 10 10 11
XO--X--O- 10 10 9 10 10 9 10 10 10
XOO-X---- 10 10 10 9 10 9 9 9 9
---XO---- 10 14 10 10 10 9 10 10 9
X--XO---O 10 10 9 10 10 10 11 10 10
-O-O-X--X 10 10 10 10 9 10 10 8 10
O-------X 10 9 11 10 10 9 10 10 10
OXO-----X 10 10 10 10 10 10 14 10 10
OXOX--O-X 10 10 10 10 13 10 10 11 10
OXOXX-OOX 10 10 10 10 10 11 10 10 10
O----OX-X 10 10 10 10 10 10 10 9 10
O-X--OXOX 10 10 10 9 10 10 10 10 10
--X--O--- 10 9 10 11 11 10 10 10 10
-OX-XO--- 9 10 10 9 10 10 8 10 9
X--XOO--- 10 10 9 10 10 10 10 10 9
--OX--XO- 10 9 10 10 9 9 10 10 10
-------XO 10 10 11 10 10 9 10 10 10
--O-X--XO 10 11 10 10 10 13 10 10 10
XOO-X--XO 10 10 10 11 10 10 10 10 10
XOOOXX-XO 10 10 10 10 10 10 11 10 10
O-----X-- 10 10 10 10 9 9 10 10 10
O---O-X-X 10 10 9 10 10 9 10 10 10
---O---X- 10 10 10 10 14 9 14 10 7
---OX--XO 10 8 10 10 10 9 10 10 10
-XO-X--O- 13 10 10 10 10 10 10 10 10
OXOXX--O- 10 10 10 10 10 10 10 10 16
OXOXX-XOO 10 10 10 10 10 16 10 10 10
----O--X- 9 10 10 10 10 10 10 10 12
X---O--XO 10 10 10 12 10 10 10 10 10
X--OOX-XO 10 12 10 10 10 10 10 10 10
XOXOOX-XO 10 10 10 10 10 10 13 10 10
---OXO-X- 10 10 10 10 10 10 10 10 9
--X---OOX 9 10 10 10 10 10 10 10 10
-XO------ 10 10 10 9 10 11 10 10 11
-XOOX---- 9 10 10 10 10 10 9 10 10
-XO--X--O 10 10 10 10 10 10 9 11 10
-XO--XOXO 9 10 10 10 10 10 10 10 10
------XO- 9 10 10 10 10 10 10 10 10
--O-X-XO- 10 10 10 10 10 10 10 10 11
--O-XXXOO 11 10 10 11 10 10 10 10 10
X-OOXXXOO 10 12 10 10 10 10 10 10 10
----XO--- 10 9 7 8 10 10 9 12 7
--X-XO--O 8 9 10 10 10 10 9 10 10
---O-X--- 10 8 10 10 10 10 8 9 10
-----X--O 9 13 9 10 10 10 10 10 10
--O-XX--O 10 10 10 10 10 10 9 10 10
OOX-----X 10 10 10 9 10 10 10 10 10
O---O--XX 10 10 9 10 10 10 10 10 10
----X---O 9 10 13 9 10 9 9 10 10
-OXOX--XO 9 10 10 10 10 10 10 10 10
X-XO--O-- 10 10 10 10 9 9 10 9 10
-XX-O--O- 9 10 10 9 10 9 9 10 10
----X-XOO 10 10 11 10 10 9 10 10 10
XX--O---O 10 10 10 9 10 10 9 10 10
-O-XO--X- 10 10 10 10 10 10 11 10 13
XO-XO--XO 10 10 13 10 10 10 10 10 10
XOOXOX-XO 10 10 10 10 10 10 13 10 10
O----X--- 10 10 10 10 9 10 10 9 10
O---OX--X 10 10 10 10 10 10 9 9 10
-X----O-- 10 10 9 10 10 10 10 10 10
-XO-X-O-- 10 10 10 10 10 10 10 9 10
-XO-X-OOX 10 10 10 9 10 10 10 10 10
O--X-X-O- 10 10 9 10 10 10 10 10 10
-X-OOXXO- 10 10 11 10 10 10 10 10 10
XXOOOXXO- 10 10 10 10 10 10 10 10 12
X--O--OX- 10 10 10 10 14 10 10 10 10
X--OOXOX- 10 11 13 10 10 10 10 10 10
--X--O-XO 9 10 10 9 10 10 10 10 10
O-X-XO-XO 10 9 10 10 10 10 10 10 10
----O---X 9 10 9 10 10 10 10 10 10
--O-O-X-X 10 10 10 9 10 10 10 10 10
--O--X--- 10 9 10 10 11 10 10 9 10
--O-XX-O- 10 9 10 10 10 10 10 10 10
---OXO--X 9 10 9 10 10 10 10 10 10
O--OXOX-X 10 9 10 10 10 10 10 10 10
--XO-X-O- 10 10 10 10 10 10 10 10 9
--XO-XXOO 9 10 10 10 10 10 10 10 10
------OX- 10 10 10 10 10 10 10 10 9
XX--O-OXO 10 10 10 9 10 10 10 10 10
------O-X 10 9 10 10 10 10 10 10 10
-O--X-O-X 10 10 9 10 10 10 10 10 10
----X-OXO 10 9 10 10 10 10 10 10 10
-O-XX-OXO 9 10 10 10 10 10 10 10 10
-----X-O- 10 10 10 10 11 10 9 10 10
-X--OX-O- 10 10 11 10 10 10 10 10 10
XXO-OX-O- 10 10 10 11 10 10 10 10 10
O--O--X-X 10 10 10 10 10 10 10 9 10
O--O-XXOX 10 9 10 10 10 10 10 10 10
XXO---O-- 10 10 10 10 10 10 10 9 10
XXO---OOX 10 10 10 9 10 10 10 10 10
----XOO-X 10 10 10 9 10 10 10 10 10
-O-OX-XXO 9 10 10 10 10 10 10 10 10
-X-O---XO 10 10 10 10 10 9 10 10 10
-XX-O-O-- 11 10 10 10 10 10 10 9 10
-O-XX---O 10 10 10 10 10 11 10 10 10
-OXXXO--O 10 10 10 10 10 10 11 10 10
-OXXXOOXO 11 10 10 10 10 10 10 10 10
--O--OX-X 9 9 10 10 10 10 10 10 10
O---XOX-- 10 9 10 10 10 10 10 10 10
-X---O--- 10 10 10 10 10 10 9 10 10
-X--XOO-- 9 10 10 10 10 10 10 10 10
--XXOO--- 11 10 10 10 10 10 11 11 10
O-XXOO--X 10 11 10 10 10 10 10 10 10
OOXXOO-XX 10 10 10 10 10 10 11 10 10
X--O-XO-- 10 8 10 10 10 10 10 10 10
XO-OXXO-- 10 10 10 10 10 10 10 8 10
XOXOOXOX- 10 10 10 10 10 10 10 10 11
O------X- 10 10 10 10 10 10 10 10 9
O---X--XO 10 10 10 10 10 9 10 10 10
-O-X-X--O 10 10 10 10 13 10 10 10 10
-O-XOX-XO 10 10 10 10 10 10 13 10 10
XO-XOXOXO 10 10 13 10 10 10 10 10 10
---X-O--- 10 10 10 10 10 10 13 10 11
---XXOO-- 10 13 10 10 10 10 10 10 10
XO-XXOO-- 10 10 10 10 10 10 10 10 13
XOXXXOO-O 10 10 10 10 10 10 10 13 10
--XOXO--- 10 9 10 10 10 10 12 9 10
-O---O-XX 10 10 10 10 10 10 13 10 10
-O--XOOXX 13 10 10 10 10 10 10 10 10
OOX-XOOXX 10 10 10 13 10 10 10 10 10
---X--XOO 10 10 8 10 10 10 10 10 10
---OOX--X 9 10 10 10 10 10 10 10 10
-----XOOX 9 10 10 10 10 10 10 10 10
---X---O- 10 10 9 10 14 10 10 10 9
-------OX 11 10 10 9 10 10 10 10 10
O---X--OX 10 10 10 10 10 11 10 10 10
OX--XO-OX 10 10 10 10 10 10 11 10 10
OX-XXOOOX 10 10 11 10 10 10 10 10 10
-O---X--- 10 10 13 10 10 10 10 10 10
XOO--X--- 10 10 10 9 10 10 10 13 10
XOO--X-OX 10 10 10 10 13 10 10 10 10
---OOX-X- 13 10 11 10 10 10 10 10 10
O--OOX-XX 10 10 10 10 10 10 13 10 10
OXO-XXXOO 10 10 10 12 10 10 10 10 10
--XOXO-XO 10 9 10 10 10 10 10 10 10
O---XX--O 10 10 10 9 10 10 10 10 10
O--OXXX-O 10 10 10 10 10 10 10 9 10
--O--XX-O 10 10 10 10 10 10 10 11 10
X-O--XXOO 10 10 10 11 10 10 10 10 10
---O-X-OX 9 10 10 10 10 10 10 10 10
X-O--O--X 10 10 10 9 10 10 10 10 10
--O-----X 13 10 10 10 10 10 9 10 10
--O-X---- 8 9 10 9 10 10 10 9 10
OXO-X---- 10 10 10 10 10 10 8 10 10
XO--X-OXO 10 10 10 10 10 11 10 10 10
XOX-XOOXO 10 10 10 11 10 10 10 10 10
X--OX--O- 10 10 9 10 10 10 9 10 10
X-----XOO 10 10 10 10 10 8 10 10 10
XXO--O-OX 10 10 10 10 13 10 10 10 10
XXO-OOXOX 10 10 10 13 10 10 10 10 10
XX-O--O-- 10 10 10 10 9 10 10 10 10
X-XXO-O-O 10 10 10 10 10 11 10 10 10
X-XXOOOXO 10 12 10 10 10 10 10 10 10
O---X---- 10 10 10 10 10 10 10 9 10
O--XX--O- 10 9 10 10 10 10 10 10 10
X--X-O-O- 10 10 10 10 10 10 10 10 9
--OXX--O- 9 10 10 10 10 10 10 10 9
-OXXO-OX- 11 10 10 10 10 10 10 10 10
OOXXO-OXX 10 10 10 10 10 11 10 10 10
-X-XO--O- 11 10 10 10 10 10 13 10 10
-X-XO-OOX 10 10 10 10 10 13 10 10 10
XX-XOOOOX 10 10 13 10 10 10 10 10 10
-XXXOOO-- 11 10 10 10 10 10 10 10 10
OXXXOOO-X 10 10 10 10 10 10 10 12 10
OXX-OX-O- 10 10 10 9 10 10 10 10 10
--X-----O 10 10 10 9 10 10 10 9 10
--XOX---O 8 10 10 10 10 10 10 10 10
X-XOXOO-- 10 11 10 10 10 10 10 10 11
XOXOXOOX- 10 10 10 10 10 10 10 10 11
O---X-XO- 10 9 10 10 10 10 10 10 10
--O-X-O-X 10 9 10 10 10 10 10 10 10
OXXXO--O- 10 10 10 10 10 11 10 10 10
OXXXOO-OX 10 10 10 10 10 10 12 10 10
-OX-O--X- 10 10 10 11 10 10 11 10 10
XOX-O-OX- 10 10 10 10 10 10 10 10 11
XOXXO-OXO 10 10 10 10 10 11 10 10 10
--O-XO--X 9 10 10 9 10 10 10 9 10
--O-OXX-- 10 10 10 11 10 10 10 10 10
OOX-X---- 10 10 10 9 10 10 10 10 10
XX--O--O- 10 10 10 10 10 9 9 10 10
---OX-X-O 9 10 11 10 10 10 10 10 10
-XO--XXOO 11 10 10 10 10 10 10 10 10
XX--O-XOO 10 10 10 10 10 9 10 10 10
--XO----- 9 9 10 10 10 11 9 10 10
-OXOX---- 9 10 10 10 10 10 10 10 10
-OXOOX-X- 10 10 10 10 10 10 10 10 11
XOOOXX--- 10 10 10 10 10 10 10 9 10
--XX-O--O 10 10 10 10 10 10 11 10 10
--XX-OOXO 10 10 10 10 11 10 10 10 10
O-X-X--O- 10 9 10 10 10 10 10 10 10
-XO--O--X 11 10 10 10 10 10 10 10 10
OXO-XO--X 10 10 10 11 10 10 9 10 10
OXOOXOX-X 10 10 10 10 10 10 10 11 10
X-XOXOOXO 10 11 10 10 10 10 10 10 10
--X---XOO 10 8 10 10 10 10 10 10 10
X-O-X-O-- 10 10 10 10 10 10 10 10 13
X-O-XXO-O 10 10 10 10 10 10 10 13 10
O-XO--X-- 10 10 10 10 10 9 10 10 10
--XOOX--- 9 10 10 10 10 10 10 10 10
XOX-XOO-- 10 10 10 10 10 10 10 8 10
X--OXO--- 10 10 9 10 10 10 10 10 10
-X--O---- 10 10 10 10 10 10 11 10 10
OXX-O-O-X 10 10 10 10 10 11 10 10 10
OX--XO--- 10 10 10 10 10 10 10 10 10
X---XOXOO 10 10 13 10 10 10 10 10 10
XOO-XX--O 10 10 10 10 10 10 10 9 10
--X-XOOXO 9 10 10 10 10 10 10 10 10
XOXOX---O 10 10 10 10 10 10 11 10 10
XOXOX-OXO 10 10 10 10 10 11 10 10 10
--OOOXXX- 10 10 10 10 10 10 10 10 11
X-OOOXXXO 10 11 10 10 10 10 10 10 10
--OOXXX-O 10 11 10 10 10 10 10 10 10
-X-OX-XOO 10 10 11 10 10 10 10 10 10
-XOOXXXOO 11 10 10 10 10 10 10 10 10
-XXXOO-O- 11 10 10 10 10 10 10 10 10
X---XOO-- 10 10 9 10 10 10 10 10 10
X--OOXX-O 10 10 10 10 10 10 10 11 10
XX-OOXXOO 10 10 11 10 10 10 10 10 10
----XO-OX 10 10 10 10 10 10 9 10 10
