0000000000000000000000000000000000000009000000030000000000000000000000000000000000000000000000000000
000000000000000000000000000000000000000b000000030000000000000000000000000000000000000000000000000000
000000000000000000000000000000000000000c000000030000000000000000000000000000000000000000000000000000
0000000000000000000000000000000000000007000000030000000000000000000000000000000000000000000000000000
0000000000000000000000000000000000000307000000030000000000000000000000000000000000000000000000000000
0000000000000000000000000000000000000380000000030000000000000000000000000000000000000000000000000000
0000000000000000000000000000000000000000000000030000000000000000000000000000000000000000000000000000
0000000000000000000000000000000000000000000000030000000000000000000000000000000000000000000000000000
0000000000000000000000000000000000000030000000030000000000000000000000000000000000000000000000000000
00000000000000000000000000000000000000b0000000030000000000000000000000000000000000000000000000000000
00000000000000000000000000000000000000f0000000030000000000000000000000000000000000000000000000000000
0000000000000000000000000000000000000000000000030000000000000000000000000000000000000000000000000000
0000000000000000000000000000000000003f00000000030000000000000000000000000000000000000000000000000000
0000000000000000000000000000000000003f00000000030000000000000000000000000000000000000000000000000000
0000000000000000000000000000000000003700000000030000000000000000000000000000000000000000000000000000
0000000000000000000000000000000000000000000000030000000000000000000000000000000000000000000000000000
0000000000000000000000000000000000000000000000030000000000000000000000000000000000000000000000000000
0000000000000000000000000000000000000300000000030000000000000000000000000000000000000000000000000000
0000000000000000000000000000000000000700000000030000000000000000000000000000000000000000000000000000
0000000000000000000000000000000000008700000000030000000000000000000000000000000000000000000000000000
0000000000000000000000000000000000008000000000030000000000000000000000000000000000000000000000000000
000000000000000000000000000000000003f000000000030000000000000000000000000000000000000000000000000000
0000000000000000000000000000000000038000000000030000000000000000000000000000000000000000000000000000
0000000000000000000000000000000000000000000000030000000000000000000000000000000000000000000000000000
0000000000000000000000000000000000003000000000030000000000000000000000000000000000000000000000000000
0000000000000000000000000000000000009000000000030000000000000000000000000000000000000000000000000000
0000000000000000000000000000000000007000000000030000000000000000000000000000000000000000000000000000
000000000000000000000000000000000008f000000000030000000000000000000000000000000000000000000000000000
0000000000000000000000000000000000378000000000030000000000000000000000000000000000000000000000000000
0000000000000000000000000000000000300000000000030000000000000000000000000000000000000000000000000000
0000000000000000000000000000000000380000000000030000000000000000000000000000000000000000000000000000
0000000000000000000000000000000000370000000000030000000000000000000000000000000000000000000000000000
0000000000000000000000000000000000070000000000030000000000000000000000000000000000000000000000000000
00000000000000000000000000000000008f0000000000030000000000000000000000000000000000000000000000000000
0000000000000000000000000000000000f30000000000030000000000000000000000000000000000000000000000000000
0000000000000000000000000000000000f30000000000030000000000000000000000000000000000000000000000000000
0000000000000000000000000000000003f00000000000030000000000000000000000000000000000000000000000000000
0000000000000000000000000000000003f00000000000030000000000000000000000000000000000000000000000000000
0000000000000000000000000000000003f00000000000030000000000000000000000000000000000000000000000000000
0000000000000000000000000000000033f00000000000030000000000000000000000000000000000000000000000000000
0000000000000000000000000000000030f00000000000030000000000000000000000000000000000000000000000000000
0000000000000000000000000000000030800000000000030000000000000000000000000000000000000000000000000000
0000000000000000000000000000000000000000000000030000000000000000000000000000000000000000000000000000
0000000000000000000000000000000000000000000000030000000000000000000000000000000000000000000000000000
0000000000000000000000000000000000000000000000030000000000000000000000000000000000000000000000000000
0000000000000000000000000000000030000000000000030000000000000000000000000000000000000000000000000000
0000000000000000000000000000000030000000000000030000000000000000000000000000000000000000000000000000
0000000000000000000000000000000330000000000000030000000000000000000000000000000000000000000000000000
0000000000000000000000000000000300000000000000030000000000000000000000000000000000000000000000000000
0000000000000000000000000000000300000000000000030000000000000000000000000000000000000000000000000000
0000000000000000000000000000000300000000000000030000000000000000000000000000000000000000000000000000
0000000000000000000000000000000000000000000000030000000000000000000000000000000000000000000000000000
0000000000000000000000000000000000000000000000030000000000000000000000000000000000000000000000000000
0000000000000000000000000000000000000000000000030000000000000000000000000000000000000000000000000000
0000000000000000000000000000000300000000000000030000000000000000000000000000000000000000000000000000
0000000000000000000000000000000300000000000000000000000000000000000000000000000000000000000000000000
0000000000000000000000000000003000000000000000000000000000000000000000000000000000000000000000000000
0000000000000000000000000000003000000000000000000000000000000000000000000000000000000000000000000000
0000000000000000000000000000003000000000000000000000000000000000000000000000000000000000000000000000
0000000000000000000000000000000000000000000000000000000000000000000000000000000000000000000000000000
0000000000000000000000000000000000000000000000000000000000000000000000000000000000000000000000000000
0000000000000000000000000000000000000000000000003000000000000000000000000000000000000000000000000000
0000000000000000000000000000003000000000000000003000000000000000000000000000000000000000000000000000
0000000000000000000000000000003000000000000000000000000000000000000000000000000000000000000000000000
0000000000000000000000000000033000000000000000000000000000000000000000000000000000000000000000000000
0000000000000000000000000000030000000000000000000000000000000000000000000000000000000000000000000000
0000000000000000000000000000030000000000000000000000000000000000000000000000000000000000000000000000